#classification modulo RM(2,6)
hdr=0
[000001 100000 010000 001000 000100 000010]000000
[110000 010000 001000 000100 000010 000001]000000
[100000 010000 001000 000100 000010 000001]100000
fix=1290157424640
hdr=abc
[100000 010000 001000 000100 000010 000001]100000
[110000 010000 001000 000100 000010 000001]000000
[100000 010000 001000 000100 000010 000001]001111
[011001 010000 110001 000100 000010 000001]000000
[100000 010000 001000 000100 000010 000001]100100
[100011 010000 001000 000100 000010 000001]000000
[100000 010010 001001 000110 000010 000101]000000
[101111 010010 001001 000110 000010 000101]001111
[111010 001010 010010 000100 000010 000101]011010
[100010 010010 001010 000110 000100 000111]000010
[100111 010111 001111 000011 000101 000111]000111
fix=924844032
hdr=acd+abe
[100000 010000 001000 000100 000010 000001]100000
[110000 010000 001000 000100 000010 000001]000000
[100000 010000 001000 000100 000010 000001]101111
[101011 010000 001000 000100 000010 000001]000000
[111000 010000 001000 000100 000010 000001]000000
[100000 010000 001000 000100 000010 000001]011101
[101111 011000 010111 000111 011100 000001]001111
[111101 001101 011111 001110 010101 000001]011101
[111011 001011 001000 011111 010011 000001]011011
[111110 001110 010110 011010 011100 000001]011110
fix=23592960
hdr=bcd+ace+abf
[100000 010000 001000 000100 000010 000001]100000
[100000 010000 001000 000100 000010 000001]001000
[100000 010000 001000 000100 000010 000001]010101
[100000 010000 001000 000100 000010 000001]110000
[011011 101111 100100 000011 000101 000100]000000
[010101 100110 001111 000010 000100 000001]110101
[010100 001001 101110 000010 000001 000101]110100
fix=2752512
hdr=cde+abf
[100000 010000 001000 000100 000010 000001]100000
[110000 010000 001000 000100 000010 000001]000000
[100000 010000 001000 000100 000010 000001]110001
[100000 010000 001000 000100 000010 110001]000000
[100000 110000 001010 000010 000100 110001]000000
[100000 010000 001000 000100 000010 000001]101001
[100000 000001 001000 000100 000010 010000]000000
[100000 010000 001000 000100 000110 000001]000000
[100000 010000 000010 001010 000100 000001]000000
[001010 001000 010000 110001 110000 001100]101010
fix=3612672
hdr=ace+bce+bde+bcf+adf
[100000 010000 001000 000100 000010 000001]100000
[100000 010000 001000 000100 000010 000001]111100
[100000 010000 001000 000100 000010 000001]111110
[100000 010000 001000 000100 000010 000001]101100
[100000 010000 001000 000100 000010 000001]010100
[011110 110111 101101 111011 111001 010111]111110
[010110 101101 001010 001111 000010 000011]110110
[110110 101011 011111 101010 010001 100011]010110
fix=7741440
hdr=abcd
[110110 000110 011110 010010 000010 000001]000000
[100000 010000 001000 000100 000010 000001]000011
[010001 100001 110110 111011 000011 000001]000000
[110000 010000 001000 010100 000010 000001]000000
[100000 010000 001010 000100 000010 000001]000000
[100011 010011 001011 000111 000001 000010]000011
[100101 010101 001101 000111 000011 000001]000101
fix=123863040
hdr=abcd+abe
[100000 010000 001000 000100 000010 000001]000011
[100110 011011 000111 001101 000010 000001]000110
[110110 011011 000111 001011 000010 000001]010000
[010101 111100 001010 001101 000011 000001]011111
[100001 010001 001001 000101 000011 000001]000001
fix=1179648
hdr=abcd+bce+ade
[100000 010000 001000 000100 000010 000001]000011
[010010 000100 110100 001101 000011 000001]011100
[101110 111000 001001 100010 000010 000001]001110
[111101 010101 100101 101100 000010 000001]011101
[011011 111011 100110 110101 000010 000001]100111
fix=1474560
hdr=abcd+ace+abf
[100000 010000 001000 000100 000010 000001]000011
[100000 010000 001010 000100 000010 000001]000000
[111110 011110 001000 000100 000011 000001]010111
[101100 011001 001001 000100 000011 000001]000000
[100000 010000 011101 000110 000010 000011]000000
[111011 001011 010011 000100 000001 000010]011011
fix=196608
hdr=abcd+bce+ade+abf
[100000 010000 001000 000100 000010 000001]000011
[100010 011111 001010 000101 000011 000001]010000
[010100 101011 000110 001010 000010 000001]110100
[100000 010000 001000 000110 000010 000001]100000
[010001 100001 000110 001010 000010 000001]110001
[110010 101111 001100 001010 000010 000001]010010
fix=98304
hdr=abcd+cde+abf
[100000 010000 001000 000100 000010 000001]000011
[100000 010000 001010 000100 000010 000001]000000
[001011 001110 110011 100000 000001 000010]000101
[100010 010010 001010 000101 000010 000001]111000
[100000 010000 000110 001010 000010 000001]000000
[001101 000111 100001 010011 000001 000010]101101
fix=73728
hdr=abcd+ace+bce+bde+bcf+adf
[100000 010000 001000 000100 000010 000001]000011
[100000 010000 001010 000100 000010 000001]100000
[001101 000110 111101 011010 000010 000001]011110
[010011 100011 011101 110101 000001 000010]110011
[010000 100000 110101 101000 000011 000001]110000
fix=368640
hdr=abcd+aef
[100000 010000 001000 000100 000010 000001]000011
[110000 010000 001000 010100 000010 000001]000000
[101010 000100 010000 011100 000001 000010]011110
[100000 010000 001000 000100 000011 000010]000000
fix=129024
hdr=abcd+bce+aef
[100000 010000 001000 000100 000010 000001]000011
[111111 001001 010001 000100 000011 000001]011000
[111100 010101 011000 000100 000010 000001]001011
[110001 001001 010000 000100 000010 000001]010001
[100000 010000 001000 000100 000011 000001]000000
fix=6144
hdr=abcd+bde+bcf+aef
[100000 010000 001000 000100 000010 000001]000011
[110011 011010 000101 001010 000001 000010]000101
[101110 010011 001100 000100 000011 000001]000011
[100100 010001 000100 001000 000001 000010]000100
fix=3072
hdr=abde+abcf
[010111 100111 001000 000100 000010 000001]000000
[101111 011111 000111 001011 001101 001110]001111
[011101 111100 001010 001111 001000 000110]011011
[100101 010101 001101 000100 000111 000001]000101
[100000 010000 001000 000010 000100 000001]000000
fix=1105920
hdr=acd+abde+abcf
[100001 010001 001001 000110 000010 000001]000011
[100011 010000 001011 000111 000010 000001]000000
[101010 011000 001111 001001 000011 000010]000011
[111010 010000 001000 000100 000010 000001]011010
[100001 010001 000100 001101 000001 000011]000001
[100000 010000 001000 001100 000010 000011]000000
fix=24576
hdr=bcd+ace+abde+abcf
[101000 111110 001110 000101 000110 000001]100001
[111001 100111 001110 000110 000101 000001]101110
fix=12288
hdr=ade+abde+abcf
[110010 010100 000001 000010 000110 001001]010001
[110100 011110 000110 000001 001001 000100]000111
[100011 010101 000001 000100 000010 001001]000011
[100001 010001 001001 000100 000010 000001]000001
fix=36864
hdr=bcd+ade+abde+abcf
[111010 011111 000111 001010 000001 000010]001111
[100100 011000 000100 001001 000001 000010]010100
[100001 010001 001001 000100 000010 000001]000001
[100100 010100 001001 000100 000010 000001]000100
fix=4096
hdr=abde+cde+abcf
[010001 100001 001000 000010 000100 000001]000000
[100000 010001 001000 000110 000010 000001]000011
[110000 010000 001111 000011 000101 000001]010000
[100001 010001 001001 000010 000100 000001]000001
fix=1152
hdr=bce+abde+abcf+adf
[100111 110011 000010 000011 001000 001100]001010
[111101 011000 001100 000100 001111 000101]001101
[111101 101100 001100 001000 001111 001010]001011
fix=9216
hdr=ace+ade+abde+abcf+adf
[101101 011110 001000 001100 000110 001111]011010
[110101 010110 000001 000010 000100 001000]011100
[101110 011110 000110 001111 000111 001010]001110
fix=61440
hdr=bcd+ace+ade+abde+abcf+adf
[100101 010011 001010 000111 000010 000001]000100
[100011 010011 000111 001101 000001 000011]000011
[110011 011100 001101 000100 000011 000001]001001
[111100 010000 000111 001100 000001 000011]011100
fix=12288
hdr=bce+ade+abde+abcf+adf
[101111 011101 000011 000001 001100 000100]001001
[100100 010101 001000 000100 001110 000101]001011
[100011 010011 000010 000001 001011 000101]010011
fix=3072
hdr=abde+cde+abcf+adf
[100010 010001 001011 000101 000010 000001]000000
[100010 010000 001001 000100 000010 000001]000011
[110001 010000 001010 000101 000010 000001]010001
[100000 010000 001010 000101 000010 000001]000000
[100010 010001 001011 000111 000010 000001]000010
[100101 010001 001111 000101 000011 000001]010111
fix=128
hdr=abde+cde+abcf+bdf+aef
[110101 100001 001100 000111 000100 000001]000011
[010011 110100 001011 000010 000111 000001]000000
[110010 100011 001010 000111 000101 000001]110011
[010111 100111 001110 000011 000101 000001]110111
fix=192
hdr=bcde+acdf+abef
[100001 000010 001000 001100 010010 100000]101010
[100001 000010 001000 000100 010000 000001]000001
[010000 000001 001100 001000 100001 010010]011001
[010000 100000 001000 000100 100001 010010]110000
[000100 100001 010000 000010 100000 001100]100100
fix=1296
hdr=acd+bcde+acdf+abef
[101010 001111 000010 011001 001000 000001]000010
[100110 000100 000010 010111 001111 000001]000000
[101011 100100 101001 110000 100011 011111]101101
fix=40320
hdr=abc+acd+bcde+acdf+abef
[010001 001100 100011 000001 000100 000010]000100
[101010 110011 100010 000111 000010 000100]100011
[101011 001000 011001 000010 000111 000001]001011
[101111 011111 001011 000111 000010 000001]001111
fix=384
hdr=abd+ace+bcde+acdf+abef
[111110 010010 001100 010111 011101 000001]001011
[110100 000111 000100 011001 010000 000001]010100
fix=240
hdr=abd+acd+ace+bcde+bcf+acdf+abef
[001010 000001 001000 011111 100010 011001]100000
[011100 000001 011011 001011 110000 001000]100110
fix=1344
hdr=acd+ade+bcde+bcf+acdf+abef
[001001 100100 000010 011001 001000 100010]101001
[101010 011011 100010 000111 110011 011101]111010
fix=336
hdr=abcde
[101100 011100 000100 001000 001111 000001]001100
[000100 010000 011001 100100 110011 000001]100100
[001000 010101 000010 010001 110000 000001]000000
[011001 010101 010011 010001 110000 000001]000000
fix=639959040
hdr=abc+abcde
[011001 010000 110101 000100 000110 000001]000001
[111100 101110 001001 000101 000111 000001]100111
[100001 101110 110110 000101 000011 000001]000001
[010001 100001 111001 000010 000101 000001]110001
fix=4128768
hdr=acd+abe+abcde
[110011 000011 001000 000100 010001 000001]010011
[111001 000011 000101 001110 010111 000001]011000
[101001 001010 011101 000011 001101 000001]001110
[111110 001110 010110 011010 011101 000001]011110
fix=737280
hdr=abcde+abf
[100100 010010 000100 001110 000010 000001]000001
[010011 110101 000100 001010 001100 000001]011011
[101101 011101 001100 000100 001010 000001]001101
[111010 010010 000110 001110 000100 000001]011010
fix=516096
hdr=acd+abcde+abf
[111010 011001 001010 001111 000010 000001]011011
[100101 011000 000101 001010 000010 000001]001110
[100110 010110 000110 001101 000010 000001]000110
[100101 010101 001101 000100 000010 000001]000101
fix=24576
hdr=bcd+ace+abcde+abf
[011010 101010 001100 000011 000101 000001]000100
[111111 011011 001000 000111 000011 000001]010111
fix=12288
hdr=cde+abcde+abf
[010001 100000 001000 001110 000010 000001]001010
[010001 110000 000110 001110 001100 000001]011011
[110000 100000 001110 001100 001000 000001]100100
[100001 010001 000110 000100 001100 000001]000001
fix=8064
hdr=abcde+bcf+adf
[000110 001010 011100 101010 000010 000001]000110
[101000 010100 011110 000100 000010 000001]011010
[111110 001110 010110 000100 000010 000001]011110
[101000 001010 111100 100100 000010 000001]000111
fix=23040
hdr=abe+abcde+bcf+adf
[100111 010011 001010 000110 000010 000001]000100
[010110 111010 000100 001100 000010 000001]011001
[111100 010100 001100 000100 000010 000001]011100
fix=1536
hdr=bce+abcde+bcf+adf
[100100 010010 001000 000100 000010 000001]000111
[100011 011010 001010 100111 000010 000001]101001
[100100 010000 001000 000100 000010 000001]000100
[100000 010000 001010 000111 000010 000001]000000
[100011 001010 010010 000100 000010 000001]000011
[010000 100000 100111 011010 000011 000001]110000
fix=2304
hdr=ace+bce+bde+abcde+bcf+adf
[010010 100001 110111 101001 000011 000001]010000
[010101 111010 111110 011001 000010 000001]110101
fix=3840
hdr=abcde+abcf
[111000 110110 011011 000011 000111 000001]101010
[011010 001010 101001 000111 000011 000001]000110
fix=2064384
hdr=abd+abcde+abcf
[110100 010100 001011 000110 000010 000001]010001
[100000 011001 001010 000111 000011 000001]001100
[100111 010001 001001 000100 000010 000001]000111
[011110 110011 001011 000111 000011 000001]011001
[100001 010001 001001 000111 000010 000001]000001
[100011 010011 001011 000111 000010 000001]000011
[100101 010101 001110 000101 000010 000001]000101
fix=98304
hdr=acd+abe+abcde+abcf
[100011 001011 011111 000011 000110 000001]001011
[111000 001000 010111 000011 000100 000001]011010
[111111 001111 010111 000010 000100 000001]011111
fix=49152
hdr=ade+abcde+abcf
[101101 011000 001001 000110 000011 000001]000000
[110011 001000 010000 000010 000100 000001]010011
[110001 001001 010000 000101 000111 000001]010111
[100000 010000 001000 000100 000111 000001]000000
fix=18432
hdr=bcd+ade+abcde+abcf
[110111 011011 001010 000101 000010 000001]011101
[111000 011000 010010 000101 000010 000001]001000
[100000 010001 011000 000101 000011 000001]010110
[111000 010011 001011 000111 000010 000001]011000
[111011 001011 010011 000111 000010 000001]011011
fix=6144
hdr=abcde+abf+abcf
[100010 010111 001101 000010 000100 000001]000001
[110110 100001 001001 000010 000100 000001]100111
[011011 111000 001010 000100 000110 000001]010101
[111001 010110 001010 000100 000110 000001]011001
fix=73728
hdr=acd+abcde+abf+abcf
[100011 010101 001110 000100 000010 000001]000001
[111010 011111 001011 000111 000010 000001]010110
[100000 010001 001001 000110 000010 000001]000011
[110101 010010 001001 000110 000010 000001]010101
[100111 010111 001111 000100 000010 000001]000111
fix=8192
hdr=bcd+ace+abcde+abf+abcf
[100000 010001 001010 000100 000010 000001]000011
[100011 010011 001111 000100 000010 000001]000111
[101000 010010 001110 000101 000010 000001]001110
[111010 100011 001110 000111 000100 000001]101110
[111011 010100 001100 000111 000010 000001]011011
fix=12288
hdr=ade+abcde+abf+abcf
[110001 010010 001001 000101 000010 000001]010001
[100011 010110 001001 000011 000110 000001]000001
[111100 011000 001001 000010 000110 000001]010110
[100000 010000 001000 000010 000100 000001]000000
fix=6144
hdr=bcd+ade+abcde+abf+abcf
[110001 010101 001010 000111 000011 000001]010001
[110011 011111 001011 000111 000011 000001]011001
[101011 010000 001001 000111 000010 000001]001011
[100101 010101 001001 000100 000011 000001]000101
[100010 010010 001001 000101 000010 000001]000010
fix=2048
hdr=cde+abcde+abf+abcf
[110000 100000 001011 000100 000110 000001]100110
[010001 110001 001100 000100 000010 000001]010100
[110001 010000 001100 000110 000100 000001]010001
[100000 010000 001000 000010 000100 000001]000000
fix=1152
hdr=abcde+abcf+adf
[100100 011000 010010 000110 000010 000001]010100
[111111 010010 001010 000100 000010 000001]011111
[110000 001000 010000 000100 000010 000001]010000
[111000 001000 010010 000101 000010 000001]011000
fix=3072
hdr=bcd+abcde+abcf+adf
[111101 010001 011010 000101 000010 000001]001101
[110001 011001 001001 000111 000010 000001]011001
[100000 010000 001010 000110 000010 000001]000000
[100010 010010 001010 000111 000010 000001]000010
fix=3072
hdr=abe+abcde+abcf+adf
[100110 010000 001010 000101 000010 000001]000111
[101111 011000 001010 000100 000010 000001]000100
[110010 010000 001000 000100 000010 000001]010010
[111101 010010 001000 000101 000010 000001]011101
[100010 010010 001000 000101 000010 000001]000010
[100001 010001 001010 000110 000010 000001]000001
fix=1024
hdr=bcd+abe+abcde+abcf+adf
[100010 010011 001000 000111 000010 000001]000001
[100000 010011 001000 000110 000010 000001]000001
[100101 011000 001000 000100 000010 000001]001100
[110001 010000 001011 000101 000010 000001]010001
[100010 010010 001000 000101 000010 000001]000010
[111111 010011 001011 000100 000010 000001]011111
[100011 010011 001010 000111 000010 000001]000011
fix=1024
hdr=bce+abcde+abcf+adf
[100011 001010 010010 000101 000010 000001]000000
[100000 010010 001000 000101 000010 000001]000000
[100000 011010 010000 000101 000010 000001]010000
[100100 001000 010000 000100 000010 000001]000100
[100001 001010 010010 000100 000010 000001]000001
fix=384
hdr=bde+abcde+abcf+adf
[101000 011010 001000 000111 000010 000001]000010
[111010 010010 001000 000101 000011 000001]011111
[100001 010010 001000 000101 000010 000001]000001
[101000 010010 001000 000101 000010 000001]001000
[101001 010010 001000 000110 000010 000001]001001
fix=256
hdr=ace+bde+abcde+abcf+adf
[111000 010011 001000 000100 000011 000001]011110
[110101 011011 001001 000110 000011 000001]011010
[101001 010010 001001 000110 000010 000001]001001
[100011 010011 001000 000101 000010 000001]000011
fix=256
hdr=bce+bde+abcde+abcf+adf
[101101 010000 001000 000100 000010 000001]001101
[100011 011011 001000 000100 000010 000001]001001
[100000 010010 001000 000101 000010 000001]000000
[100011 010011 001010 000111 000010 000001]000011
[100000 010000 001010 000110 000010 000001]000000
fix=128
hdr=abcde+bcf+abcf+adf
[110011 010000 011100 000100 000010 000001]000110
[101110 011110 010100 000100 000010 000001]011100
[100000 010010 001000 000110 000010 000001]000000
[100100 010010 001000 000110 000010 000001]000100
[111100 001100 010100 000100 000010 000001]011100
fix=1536
hdr=abe+abcde+bcf+abcf+adf
[111100 010100 001110 000100 000010 000001]011111
[111010 011010 001100 000100 000010 000001]010100
[100101 010011 001000 000110 000010 000001]000101
[100011 010011 001000 000110 000010 000001]000011
[111010 010100 001100 000100 000010 000001]011010
fix=512
hdr=bce+abcde+bcf+abcf+adf
[100101 011010 010010 000100 000010 000001]010100
[100000 011000 001000 000111 000010 000001]001000
[100100 001010 010010 000111 000010 000001]000100
[100000 010000 001000 000111 000010 000001]000000
fix=384
hdr=bde+abcde+bcf+abcf+adf
[100010 011011 001010 000101 000010 000001]001001
[101011 010111 001000 000110 000010 000001]001111
[100011 010011 001000 000110 000010 000001]000011
[100000 010010 001000 000110 000010 000001]000000
[100011 010011 001010 000111 000010 000001]000011
fix=128
hdr=bce+bde+abcde+bcf+abcf+adf
[100011 011001 001010 000110 000010 000001]001010
[100001 010000 001000 000111 000010 000001]000000
[100000 010000 001010 000101 000010 000001]000000
[101101 010110 001010 000110 000010 000001]001010
[110011 010001 001111 000111 000011 000001]010011
[100000 010000 001000 000111 000010 000001]000000
fix=256
hdr=ace+bce+bde+abcde+bcf+abcf+adf
[101001 011100 001011 000110 000010 000001]000101
[101001 011110 001000 000100 000010 000001]000111
[100100 011000 001001 000111 000010 000001]001101
[100000 010000 001010 000101 000010 000001]000000
[100011 010001 001011 000110 000010 000001]000011
[110001 010000 001101 000110 000011 000001]010001
fix=256
hdr=abcde+abcf+bdf+aef
[010110 110000 001000 000010 000110 000001]010100
[101100 010110 001000 000100 000010 000001]001010
[111110 010010 001000 000110 000010 000001]011110
fix=192
hdr=acd+abcde+abcf+bdf+aef
[110110 010100 001000 000110 000010 000001]010001
[101010 010000 001000 000100 000010 000001]001010
[111101 011010 001000 000110 000010 000001]010101
[110110 010010 001000 000110 000010 000001]010110
fix=64
hdr=bcd+abcde+abcf+bdf+aef
[101111 011010 001000 000100 000010 000001]000100
[010000 101011 001001 000010 000100 000001]001010
[101001 010000 001000 000100 000010 000001]001001
[100010 010000 001000 000100 000010 000001]000010
fix=64
hdr=acd+bcd+bce+abcde+abcf+bdf+aef
[011100 111111 001000 000010 000110 000001]010001
[111000 101001 001000 000110 000100 000001]100101
[100100 110010 001001 000100 000110 000001]100011
[110110 010010 001001 000110 000010 000001]010110
fix=192
hdr=cde+abcde+abcf+bdf+aef
[100000 111000 001000 000100 000111 000001]101000
[110110 010010 001001 000110 000010 000001]010110
[100100 110110 001001 000100 000110 000001]100110
fix=48
hdr=bcd+cde+abcde+abcf+bdf+aef
[011000 101001 001001 000011 000101 000001]000111
[101001 011000 001000 000101 000011 000001]000110
[100100 010010 001001 000100 000010 000001]000111
[010000 111011 001001 000010 000111 000001]011010
fix=48
hdr=abcde+abcf+def
[011000 100000 010000 000010 000101 000001]010010
[111000 101000 110000 000100 000111 000001]011000
fix=4032
hdr=abd+abcde+abcf+def
[010000 111000 001000 000101 000011 000001]011111
[011000 111000 001000 000110 000010 000001]010010
[111000 010000 001000 000111 000010 000001]011000
fix=192
hdr=acd+abe+abcde+abcf+def
[111000 010000 011000 000101 000110 000001]001010
[111000 001000 011000 000011 000110 000001]010100
[110000 010000 001000 000100 000010 000001]010000
fix=96
hdr=abcde+abf+abcf+def
[011000 100000 001000 000100 000010 000001]001000
[101000 111000 001000 000010 000100 000001]100000
[101000 011000 001000 000110 000010 000001]000010
fix=144
hdr=acd+abcde+abf+abcf+def
[111000 011000 001000 000101 000010 000001]010010
[110000 010000 001000 000110 000010 000001]010010
[110000 010000 001000 000100 000010 000001]010000
fix=16
hdr=bcd+ace+abcde+abf+abcf+def
[100000 110000 001000 000100 000110 000001]100100
[100000 011000 001000 000100 000011 000001]001100
[111000 010000 001000 000111 000010 000001]011000
fix=24
hdr=abcde+acdf+abef
[111011 001000 010010 010000 001100 000001]000011
[100000 010000 001000 001100 000010 000001]001000
[111011 000100 000010 010000 001000 000001]011011
[111000 001000 010000 000010 000100 000001]011000
fix=2304
hdr=acd+abcde+acdf+abef
[101111 011111 000111 001011 000010 000001]001111
[111001 011111 000111 001100 011101 000001]000001
[101101 001000 010000 001011 010101 000001]001101
[111011 001011 001000 011111 011001 000001]011011
[101110 000111 011111 011101 001100 000001]010111
fix=23040
hdr=abc+acd+abcde+acdf+abef
[100101 001011 010111 000010 000100 000001]000111
[100111 001011 010101 000010 000100 000001]000111
[100110 011101 001100 000111 000010 000001]000011
[101101 001011 010101 000010 000100 000001]001101
fix=1536
hdr=bcd+abcde+acdf+abef
[101111 011111 000111 001011 000010 000001]001111
[101110 011101 000111 001100 000010 000001]001011
[101101 011111 001011 000111 000010 000001]001101
[100001 010000 001000 000100 000010 000001]000001
fix=192
hdr=abd+ace+abcde+acdf+abef
[101000 001100 010010 000010 000100 000001]001110
[100111 000100 000010 010000 001000 000001]000111
[111110 001000 010000 011011 010101 000001]001111
fix=3840
hdr=bcd+ace+abcde+acdf+abef
[100010 010111 001011 000100 000010 000001]000001
[100000 011001 001000 000111 000010 000001]000000
[100111 011111 001011 000111 000010 000001]000110
[100111 011011 001111 000111 000010 000001]000010
fix=64
hdr=abcde+bcf+acdf+abef
[111111 001001 010011 000010 000100 000001]011010
[111111 001001 010001 000010 000100 000001]011000
[100110 001000 010000 000010 000100 000001]000110
[111110 001110 010110 000010 000100 000001]011110
fix=128
hdr=abd+abcde+bcf+acdf+abef
[111011 010110 001110 000100 000010 000001]011011
[111100 010100 001010 000100 000010 000001]011010
[111111 010110 001110 000100 000010 000001]011111
[100001 010000 001100 000100 000010 000001]000101
[111011 010011 001001 000100 000010 000001]011110
fix=64
hdr=abd+ace+abcde+bcf+acdf+abef
[100100 010000 001000 000100 000010 000001]000100
[100101 010111 001111 000100 000010 000001]000010
[111110 010110 001110 000100 000010 000001]011110
[100111 001011 010101 000010 000100 000001]000110
[100000 010101 001111 000100 000010 000001]000101
fix=128
hdr=bcd+bce+abcde+bcf+acdf+abef
[100101 010000 001100 000100 000010 000001]000001
[101011 001000 011010 000010 000111 000001]001010
[110001 011010 010101 000111 000100 000001]010001
[101100 011100 001011 000111 000010 000001]001100
fix=192
hdr=acd+bcd+bce+abcde+bcf+acdf+abef
[100000 011011 010101 000111 000100 000001]000101
[100011 001011 010101 000010 000100 000001]000011
[100110 001111 010111 000010 000100 000001]000000
[100000 001011 011111 000010 000111 000001]000001
fix=192
hdr=ade+abcde+bcf+acdf+abef
[100110 001000 010000 000010 000100 000001]000110
[100100 001011 010101 000010 000100 000001]000100
[111101 001010 010100 000010 000100 000001]011010
[100010 001000 010000 000010 000100 000001]000010
fix=32
hdr=bcd+bce+ade+abcde+bcf+acdf+abef
[110101 001101 010000 000010 000100 000001]010101
[110000 011000 001110 000111 000010 000001]010011
[111101 001101 010011 000010 000100 000001]011101
fix=192
hdr=acd+bcd+bce+ade+abcde+bcf+acdf+abef
[100111 010101 011111 000100 000111 000001]000110
[101010 001011 011100 000010 000111 000001]001010
[101011 010011 001000 000100 000010 000001]001011
fix=192
hdr=bde+abcde+bcf+acdf+abef
[101111 011100 001011 000111 000010 000001]001111
[100011 011101 001011 000111 000010 000001]000001
[100011 011111 001011 000111 000010 000001]000011
fix=8
hdr=ace+bde+abcde+bcf+acdf+abef
[101100 011100 001011 000111 000010 000001]001101
[101101 011110 001011 000111 000010 000001]001110
[101101 010011 001000 000100 000010 000001]001101
fix=8
hdr=abcde+cdf+acdf+abef
[110000 010000 000100 001000 000010 000001]010000
[101101 010010 001001 001100 010000 000001]011001
[110010 000010 001000 000100 010000 000001]010010
fix=576
hdr=abc+abcde+cdf+acdf+abef
[110010 010000 001000 000100 000010 000001]010010
[100101 010000 001101 000100 000010 000001]000101
[100101 010010 001001 000100 000010 000001]000011
[101111 010010 001001 000101 000010 000001]000000
fix=64
hdr=bcd+abcde+cdf+acdf+abef
[110001 010010 001100 001000 000010 000001]011011
[110001 010000 001000 000100 000010 000001]010001
[100000 010000 000100 001000 000010 000001]000000
fix=48
hdr=abd+ace+abcde+cdf+acdf+abef
[100010 000010 000100 001000 010000 000001]000010
[110101 010010 001101 001001 010000 000001]001000
fix=96
hdr=bcd+ace+abcde+cdf+acdf+abef
[100101 010010 001001 000100 000010 000001]000011
[100010 010000 001100 000100 000010 000001]000110
[110011 010000 001000 000100 000010 000001]010011
fix=16
hdr=bce+abcde+cdf+acdf+abef
[101000 000010 001000 000101 010010 000001]000011
[100101 010000 001101 000100 000010 000001]000101
[100000 000010 001000 000100 010000 000001]000000
fix=48
hdr=abd+bce+abcde+cdf+acdf+abef
[101100 010000 001001 000101 000010 000001]000000
[100010 010000 001100 000100 000010 000001]000110
[100010 010010 001100 000100 000010 000001]000100
fix=16
hdr=bcd+bce+abcde+cdf+acdf+abef
[100111 010010 001001 000100 000010 000001]000001
[100000 010010 001000 000100 000010 000001]000010
[100111 010000 001101 000100 000010 000001]000111
fix=8
hdr=bcd+bce+ade+abcde+cdf+acdf+abef
[101000 010010 001000 000101 000010 000001]000011
[111011 010010 001101 000101 000010 000001]010101
fix=8
hdr=abcde+cdf+acdf+bef+abef
[110100 010110 011000 011100 000110 000001]011110
[110111 000110 011110 000100 010100 000001]000000
fix=1440
hdr=abc+abcde+cdf+acdf+bef+abef
[101010 001000 011010 000010 000110 000001]000010
[110110 010010 011010 000100 000110 000001]000010
[100001 001100 010010 000010 000100 000001]000110
fix=96
hdr=acd+abcde+cdf+acdf+bef+abef
[100000 001100 010000 000010 001000 000001]001001
[100000 010000 000100 001000 000010 000001]000000
[100001 000100 010000 000010 001000 000001]000001
fix=144
hdr=abd+acd+ace+abcde+cdf+acdf+bef+abef
[111101 010100 001110 011110 001100 000001]001010
[111111 010110 011100 010010 001100 000001]010101
fix=240
hdr=abcde+bcf+cdf+acdf+bef+abef
[101100 011100 001100 000110 000010 000001]000110
[100110 001010 010100 000010 000100 000001]000000
[100110 010110 001110 000100 000010 000001]000110
fix=48
hdr=abd+abcde+bcf+cdf+acdf+bef+abef
[101000 011000 001000 000110 000010 000001]000010
[100000 010010 001000 000100 000010 000001]000010
[101100 011110 001010 000110 000010 000001]000010
[101001 011010 001110 000110 000010 000001]000110
fix=16
hdr=acd+abcde+bcf+cdf+acdf+bef+abef
[100000 010010 001100 000100 000010 000001]000110
[100000 010010 001000 000100 000010 000001]000010
[100000 001100 010010 000010 000100 000001]000111
[100111 001110 010110 000010 000100 000001]000111
fix=16
hdr=abd+acd+ace+abcde+bcf+cdf+acdf+bef+abef
[110011 011010 010010 000110 000100 000001]000110
[100001 010000 001100 000100 000010 000001]000100
[100111 001110 010110 000010 000100 000001]000111
fix=48
hdr=ade+abcde+bcf+cdf+acdf+bef+abef
[101000 001000 011000 000010 000110 000001]000010
[100000 001000 010000 000010 000100 000001]000000
[110011 010100 011110 000100 000110 000001]000101
fix=12
hdr=acd+ade+abcde+bcf+cdf+acdf+bef+abef
[100110 001010 010100 000010 000100 000001]000000
[110010 011010 010100 000110 000100 000001]000000
[110000 011100 010000 000110 000100 000001]000001
fix=12
hdr=abcde+bdf+cdf+acdf+abef+cef
[100000 000010 000100 001000 010000 000001]000000
[100100 010100 001110 001010 010110 000001]011100
fix=60
hdr=abc+abcde+bdf+cdf+acdf+abef+cef
[110100 001100 011110 000010 000110 000001]011100
[110110 001000 011000 000010 000110 000001]011100
fix=12
hdr=abd+abcde+bdf+cdf+acdf+abef+cef
[101110 010110 001010 011000 001000 000001]011100
[101000 010000 001000 011100 001010 000001]011000
fix=6
hdr=abcdef
[000001 100000 010000 001000 000100 000010]000000
[010000 001000 000100 000010 000001 110000]010000
fix=20158709760
hdr=abc+abcdef
[110001 010000 001000 000100 000010 000001]010001
[100011 010000 001011 000100 000010 000001]000000
[001110 010000 100110 000100 000010 000001]000000
[111010 110101 010110 000101 000001 000110]100100
[100001 010001 001001 000101 000100 000110]000001
fix=14450688
hdr=acd+abe+abcdef
[110000 010000 001000 000100 000010 000001]010000
[100000 010000 001000 000101 000011 000001]000000
[100001 010000 001001 000101 000011 000001]000000
[111011 010011 001101 001001 000010 000001]010000
[111100 001000 010000 010010 000101 000001]001101
[111011 010110 001111 001011 000010 000001]010101
fix=368640
hdr=bcd+ace+abf+abcdef
[101000 011000 001000 000101 000011 000001]000000
[011100 100100 101110 000011 000100 000101]101011
fix=43008
hdr=cde+abf+abcdef
[100000 010000 000110 001010 000010 000001]000000
[110000 010000 001000 000100 000010 010001]000000
[100000 010000 001000 001010 001100 000001]000000
[000110 001000 010001 100001 000001 001010]001010
fix=56448
hdr=ace+bce+bde+bcf+adf+abcdef
[000011 000001 111000 010100 001000 000100]011101
[111100 011000 001000 001100 001101 000110]010100
fix=120960
hdr=abcd+abcdef
[100010 010010 001010 000110 000011 000010]000010
[101000 010111 100100 011110 000010 000001]111001
[100011 101001 010001 011111 000010 000001]111000
[100000 001001 010001 011101 000010 000001]011001
[100000 010000 001010 000110 000010 000011]000010
fix=30965760
hdr=abc+abcd+abcdef
[100000 010000 001010 000110 000010 000011]000010
[101011 100101 111101 000101 000010 000001]001010
[100010 010010 001010 000110 000011 000010]000010
[010110 111111 001010 000110 000010 000001]011001
[110111 010000 001000 000100 000010 000001]010111
fix=2064384
hdr=abcd+abe+abcdef
[100010 010010 001001 000101 000011 000001]000001
[101111 110000 001001 000100 000011 000001]101111
[101101 011001 001001 000100 000010 000001]000101
[110101 010100 000100 001100 000010 000001]010101
[100100 010100 001100 000100 000010 000001]000100
fix=73728
hdr=acd+abcd+abe+abcdef
[100010 010010 001001 000101 000011 000001]000001
[101100 011110 001010 000110 000011 000001]000011
[111110 011011 001111 001000 000010 000001]011110
[100110 010110 001110 000100 000010 000001]000110
fix=24576
hdr=abcd+bce+ade+abcdef
[101101 011100 111001 011000 000011 000001]101101
[010100 101000 010000 100000 000011 000001]110001
[100001 010001 001001 000101 000011 000001]000001
fix=23040
hdr=abcd+ace+abf+abcdef
[100011 001111 011001 000100 000001 000011]001100
[100110 011010 010100 000100 000011 000010]010010
[110001 010000 001000 000100 000010 000001]010001
[111011 001011 010011 000100 000001 000010]011011
fix=6144
hdr=bcd+abcd+ace+abf+abcdef
[110101 010101 001000 000110 000010 000001]010010
[111011 011000 010100 000111 000011 000010]001110
[111100 001100 010111 000111 000001 000010]011100
fix=6144
hdr=abcd+bce+ade+abf+abcdef
[110110 100000 001101 001000 000011 000001]101110
[100001 010101 001000 000100 000011 000001]000101
[100011 111001 001001 001100 000010 000001]100011
fix=1536
hdr=abcd+cde+abf+abcdef
[110000 010001 001110 000100 000010 000001]010111
[010001 110000 000110 001000 000010 000001]010011
[000110 001100 100001 110001 000001 000010]100110
fix=1152
hdr=abcd+ace+bce+bde+bcf+adf+abcdef
[011101 110110 111001 010111 000011 000010]111011
[011000 111100 110001 010011 000011 000010]111000
[010000 100000 100110 011011 000011 000001]110000
fix=5760
hdr=abcd+aef+abcdef
[100010 001000 010000 011100 000011 000010]011000
[100000 011000 001000 000100 000010 000001]001000
[111011 011100 011000 001100 000011 000001]001110
[100010 000100 001000 010000 000001 000010]000010
fix=32256
hdr=abc+abcd+aef+abcdef
[100111 011100 001000 000100 000010 000001]001011
[100010 011100 010000 000100 000001 000010]010110
[101010 001000 011000 000100 000001 000010]000010
[101010 001000 010000 000100 000001 000010]001010
[111111 001100 011000 000100 000001 000011]010010
fix=4608
hdr=bcd+abcd+aef+abcdef
[100010 001000 010000 011100 000011 000010]011000
[100000 001000 000100 011000 000001 000010]001000
[100010 011000 001100 001000 000001 000010]000010
fix=4032
hdr=abcd+bce+aef+abcdef
[100000 011100 001000 000100 000011 000001]001101
[111000 010001 001001 000100 000010 000001]011000
[101100 010001 011001 000100 000011 000001]011101
[111101 001101 010101 000100 000010 000001]011101
[100100 010100 001100 000100 000010 000001]000100
fix=768
hdr=abd+abcd+bce+aef+abcdef
[101101 011101 001000 000100 000011 000001]000001
[101001 011001 001000 000100 000010 000001]000000
[111111 010101 001101 000100 000011 000001]011110
[110111 010100 001101 000100 000011 000001]010111
[111000 010001 001001 000100 000010 000001]011000
fix=256
hdr=bcd+abcd+bce+aef+abcdef
[100001 001000 011000 000100 000010 000001]001001
[100001 010000 001000 000100 000011 000001]000000
[100111 010100 001100 000100 000010 000001]000111
[100110 001100 010100 000100 000010 000001]000110
fix=192
hdr=abcd+bde+bcf+aef+abcdef
[100100 011101 001000 001100 000010 000011]000011
[101000 011110 000100 001100 000001 000011]000011
[100000 011100 000100 001000 000001 000010]001100
fix=96
hdr=bcd+abcd+bde+bcf+aef+abcdef
[111100 010110 001111 001010 000011 000010]010001
[110100 010100 001111 000101 000011 000001]010111
[100000 010000 000100 001000 000001 000010]000000
fix=192
hdr=acd+bcd+abcd+bde+bcf+aef+abcdef
[100100 010101 001000 001100 000010 000011]001011
[110010 011010 001111 000101 000011 000001]011111
fix=192
hdr=abde+abcf+abcdef
[110110 010000 001000 000100 000010 000001]010110
[111010 101111 001000 000100 000010 001001]101101
[100101 011111 001000 000100 000010 000001]001010
[101100 011100 000100 001000 001001 000110]001100
[100001 010001 001001 000010 000100 000001]000001
fix=110592
hdr=abc+abde+abcf+abcdef
[110110 010000 001000 000100 000010 000001]010110
[100000 011011 001000 001100 001010 001111]000101
[100001 010101 001000 001100 001010 001111]001010
[100000 110000 001000 000100 000010 000001]100000
[100000 010000 001000 000100 001110 001101]000000
[101011 011011 000011 000010 001110 001011]001011
fix=184320
hdr=acd+abde+abcf+abcdef
[110110 010000 001000 000100 000010 000001]010110
[101011 010001 001000 000100 000010 000001]001010
[111111 010000 001000 000100 000010 000001]011111
[110101 010010 000100 001000 000001 000010]010111
[100111 011101 000101 001011 000001 000010]001000
[100001 010001 001001 000100 000010 000001]000001
fix=2048
hdr=bcd+ace+abde+abcf+abcdef
[010101 100001 001000 000010 000100 000001]000100
[011011 101010 001110 000011 000101 000001]000111
[011110 110101 001111 000011 000110 000001]011111
fix=1536
hdr=ade+abde+abcf+abcdef
[110110 010000 001000 000100 000010 000001]010110
[100010 010001 001000 000100 000010 000001]000011
[111011 010000 001000 000100 000010 000001]011011
[110001 011001 001000 000110 000100 000001]011100
[101000 011000 001000 000010 000100 001001]001000
[100000 010000 001000 000010 000100 000001]000000
[100001 010001 001001 000100 000010 000001]000001
fix=4608
hdr=abc+ade+abde+abcf+abcdef
[110110 010000 001000 000100 000010 000001]010110
[100010 011001 001000 000100 000010 000001]001011
[111011 010000 001000 000100 000010 000001]011011
[100001 010001 001001 000100 000010 000001]000001
[100111 010000 001000 000100 000010 000001]000111
[101101 010001 001000 000110 000010 000001]001110
[100001 010001 001001 000010 000100 000001]000001
fix=1536
hdr=bcd+ade+abde+abcf+abcdef
[111101 010001 001010 000101 000010 000001]011111
[101010 011010 001001 000110 000010 000001]000011
[111100 010000 001011 000111 000010 000001]011100
[100001 010001 001001 000100 000010 000001]000001
fix=256
hdr=abde+cde+abcf+abcdef
[010000 100000 001000 000100 000010 000001]000000
[100001 010001 001001 000100 000110 000001]000101
[010000 110001 001001 000100 000110 000001]010100
[100001 010001 001001 000010 000100 000001]000001
[100001 010001 001001 000100 000010 000001]000001
fix=288
hdr=abc+abde+cde+abcf+abcdef
[010000 100000 001000 000100 000010 000001]000000
[100001 010001 001001 000100 000110 000001]000101
[010000 110001 001001 000100 000110 000001]010100
[100001 010001 001001 000010 000100 000001]000001
[100001 010001 001001 000100 000010 000001]000001
fix=288
hdr=acd+abe+abde+abf+abcf+abcdef
[110110 010000 001000 000100 000010 000001]010110
[110000 010000 001000 000100 000010 000001]010000
[100010 010100 001111 001001 000011 000010]001110
[111101 010001 001010 000101 000010 000001]011111
[100101 010101 000100 001100 000001 000011]000101
[100111 010111 001111 000101 000011 000001]000111
fix=6144
hdr=bcd+ace+abde+abf+abcf+abcdef
[100110 010000 001110 000101 000011 000001]000000
[100011 010010 001110 000101 000011 000001]000111
[100000 010110 001110 000101 000011 000001]000000
[010000 100000 001000 000010 000100 000001]000000
[100011 010110 001110 000101 000011 000001]000011
[110101 010001 001010 000111 000010 000001]010101
fix=1536
hdr=bcd+ade+abde+abf+abcf+abcdef
[110001 011010 001011 000101 000010 000001]011001
[100110 010001 001001 000110 000010 000001]000100
[110100 010001 001010 000111 000010 000001]010100
[100110 010001 001001 000100 000010 000001]000110
fix=256
hdr=abde+cde+abf+abcf+abcdef
[100000 110001 001000 000010 000100 000001]100001
[010000 110000 001101 000111 000100 000001]010000
[100000 010000 001011 000111 000010 000001]000000
[100001 010000 001111 000110 000011 000001]000101
fix=576
hdr=abd+abde+cde+abf+abcf+abcdef
[100000 110001 001110 000110 000011 000001]100100
[100000 110001 001000 000100 000010 000001]100001
[100000 010001 001100 000100 000011 000001]000100
[110000 010000 001000 000100 000010 000001]010000
fix=192
hdr=ade+abde+acf+abcf+abcdef
[110110 010000 001000 000100 000010 000001]010110
[110000 010000 001000 000100 000010 000001]010000
[110101 011010 001011 001110 001100 000011]011010
[100101 010101 000011 001100 000001 000100]000101
fix=23040
hdr=acd+ade+abde+acf+abcf+abcdef
[110110 010000 001000 000100 000010 000001]010110
[100110 010110 001110 000101 000011 000001]000110
[100000 010000 000100 001000 000001 000010]000000
[110001 010000 001000 000100 000010 000001]010001
[100110 011001 001111 001001 000011 000010]000111
[100011 010011 000101 001010 000001 000010]000011
fix=1536
hdr=bcd+ade+abde+acf+abcf+abcdef
[100110 010110 001110 000101 000011 000001]000110
[100111 010010 000111 001010 000001 000010]000100
[100110 011011 001100 001000 000011 000010]000111
[100100 010100 001101 000100 000011 000001]000100
fix=768
hdr=bcd+ace+ade+abde+acf+abcf+abcdef
[101111 010010 001000 000100 000010 000001]001101
[111111 010101 001111 000110 000011 000001]011110
[100111 010111 001111 000101 000011 000001]000111
[111010 010011 001001 000110 000010 000001]011010
fix=256
hdr=bde+abde+acf+abcf+abcdef
[101001 010100 001001 000100 000010 001000]000101
[010110 100001 000010 001000 000001 000100]000111
[100000 010000 001000 000010 000100 000001]000000
fix=1152
hdr=acd+bde+abde+acf+abcf+abcdef
[010001 101011 000111 001011 000001 000010]001010
[100000 010010 001000 000110 000010 000001]000000
[101001 010000 001000 000100 000010 000001]001001
fix=128
hdr=abde+cde+acf+abcf+abcdef
[100001 010000 001001 000100 000010 000001]000000
[100001 010000 001000 000100 000010 000001]000001
[110000 010000 001000 000100 000010 000001]010000
[100000 010000 001001 000110 000100 000001]000101
[100000 010000 001000 000010 000100 000001]000000
fix=48
hdr=bde+abde+cde+acf+abcf+abcdef
[100011 010011 001010 000111 000101 000001]000110
[111110 010111 001111 000101 000011 000001]011110
[100111 010111 001111 000011 000101 000001]000111
fix=192
hdr=abd+bde+abde+cde+acf+abcf+abcdef
[100110 010110 001110 000101 000011 000001]000110
[100100 010100 001101 000111 000011 000001]000111
[111100 010100 001101 000100 000011 000001]011100
[100011 010011 001010 000101 000010 000001]000011
fix=64
hdr=bce+abde+abcf+adf+abcdef
[100111 011001 001010 000101 000010 000001]001101
[010000 100100 000001 000010 000100 001000]000100
fix=192
hdr=ace+ade+abde+abcf+adf+abcdef
[110110 010000 001000 000100 000010 000001]010110
[111100 010100 001000 000100 001110 000101]010000
[110101 010000 001000 000100 000010 000001]010101
[101000 011110 001101 001010 001001 001111]001000
[101110 011110 001111 001001 001010 001101]001110
fix=1920
hdr=bcd+ace+ade+abde+abcf+adf+abcdef
[100011 010000 001000 000100 000010 000001]000011
[101011 011010 000100 001100 000001 000011]000100
[100011 011011 000100 001100 000001 000011]001101
[111100 010010 001000 000110 000010 000001]011100
fix=384
hdr=bce+ade+abde+abcf+adf+abcdef
[100001 011111 001000 000100 001110 000101]000110
[101111 011010 000011 000001 001110 000101]000011
[100110 010010 001011 000101 000010 000001]000110
fix=96
hdr=ace+bde+abde+abcf+adf+abcdef
[100001 010000 001001 000110 000010 000001]000010
[101110 011001 001000 000100 000110 001001]001011
[101001 010000 000001 000010 000100 001000]001001
fix=96
hdr=abde+cde+abcf+adf+abcdef
[110011 010000 001001 000110 000010 000001]010000
[110000 010000 001000 000100 000010 000001]010000
[110000 010000 001000 000110 000010 000001]010010
[110001 010000 001000 000100 000010 000001]010001
fix=16
hdr=abe+abde+cde+abcf+adf+abcdef
[100011 010001 001011 000101 000010 000001]000000
[100001 010000 001010 000111 000010 000001]000000
[100010 010000 001011 000111 000010 000001]000010
[100011 010000 001011 000111 000010 000001]000011
[110010 010000 001011 000111 000010 000001]010010
fix=32
hdr=abc+abe+abde+cde+abcf+adf+abcdef
[100011 010001 001011 000101 000010 000001]000000
[100001 010000 001010 000111 000010 000001]000000
[100010 010000 001011 000111 000010 000001]000010
[100011 010000 001011 000111 000010 000001]000011
[110010 010000 001011 000111 000010 000001]010010
fix=32
hdr=bce+abde+cde+abcf+adf+abcdef
[100010 010001 001011 000101 000010 000001]000001
[110101 010000 001000 000100 000010 000001]010101
[100001 010010 001000 000110 000010 000001]000001
[110100 010000 001000 000100 000010 000001]010100
fix=16
hdr=abe+bce+abde+cde+abcf+adf+abcdef
[100001 010011 001000 000110 000010 000001]000000
[100001 010000 001000 000100 000010 000001]000001
[110101 010000 001000 000100 000010 000001]010101
[100001 010010 001010 000111 000010 000001]000010
fix=16
hdr=ace+bce+bde+abde+bcf+abcf+adf+abcdef
[110000 101111 000001 000011 000100 001100]101010
[101001 110100 000101 001010 000001 000010]101110
fix=576
hdr=ace+ade+bde+abde+bcf+abcf+adf+abcdef
[111110 010110 001110 000101 000011 000001]011110
[111100 010011 001111 000110 001100 001000]011101
fix=1920
hdr=bcd+ace+ade+bde+abde+bcf+abcf+adf+abcdef
[111011 011011 001100 000111 000011 000001]010110
[110011 010000 000111 001011 000001 000010]010011
[100001 010001 001010 000111 000010 000001]000001
fix=384
hdr=abde+cde+bcf+abcf+adf+abcdef
[111110 010100 001101 000111 000011 000001]011101
[111110 010100 001101 000100 000011 000001]011110
[111111 010110 001110 000101 000011 000001]011111
fix=16
hdr=abe+abde+cde+bcf+abcf+adf+abcdef
[100010 010011 001011 000101 000010 000001]000011
[111101 010111 001111 000110 000011 000001]011110
[111110 010100 001101 000100 000011 000001]011110
[111110 010110 001110 000101 000011 000001]011110
fix=16
hdr=bce+abde+cde+bcf+abcf+adf+abcdef
[100000 010010 001000 000110 000010 000001]000000
[100001 010001 001010 000111 000010 000001]000001
[100011 010000 001001 000100 000010 000001]000010
fix=8
hdr=abde+cde+abcf+bdf+aef+abcdef
[010000 100000 001000 000010 000100 000001]000000
[110000 100000 001000 000110 000100 000001]100100
fix=6
hdr=bcd+abde+cde+abcf+bdf+aef+abcdef
[100000 110100 001000 000100 000110 000001]100000
[110100 010010 001001 000110 000010 000001]010101
fix=12
hdr=abc+bcd+abde+cde+abcf+bdf+aef+abcdef
[100000 110100 001000 000100 000110 000001]100000
[110100 010010 001001 000110 000010 000001]010101
fix=12
hdr=bcde+acdf+abef+abcdef
[010000 000100 100001 100000 001000 010010]110000
[100001 001100 010010 000010 000100 100000]100110
[100001 001000 000010 010000 000100 000001]000001
[010000 100000 000100 001000 100001 010010]110000
fix=1296
hdr=abc+bcde+acdf+abef+abcdef
[010010 100000 001000 000100 000001 000010]000010
[100001 001000 010000 000010 000100 000001]000001
[100001 010000 001000 000100 000010 000001]000001
fix=48
hdr=acd+bcde+acdf+abef+abcdef
[100000 010000 001100 001000 100010 110001]011000
[010001 100010 001100 000100 000001 000010]000111
[100000 000010 001000 000100 010000 000001]000000
fix=720
hdr=abc+acd+bcde+acdf+abef+abcdef
[010011 100010 001100 000100 000001 000010]000101
[100001 010000 001000 000100 000010 000001]000001
[010001 100011 001000 000100 000001 000010]000010
fix=16
hdr=acd+abe+bcde+acdf+abef+abcdef
[100000 001100 000010 010000 000100 000001]000100
[100000 000100 010000 000010 001000 000001]000000
[100001 010000 001000 000100 000010 000001]000001
fix=144
hdr=abc+acd+abe+bcde+acdf+abef+abcdef
[100001 010000 001000 000100 000010 000001]000001
[000111 110101 101011 000100 000010 100110]000110
[000111 101011 110111 000010 000100 100110]000100
[100001 001000 010000 000010 000100 000001]000001
fix=48
hdr=abd+ace+bcde+acdf+abef+abcdef
[100001 000010 000100 001000 010000 000001]000001
[100000 000100 000010 010010 001100 000001]000110
[100001 010000 001000 000100 000010 000001]000001
fix=24
hdr=abd+acd+ace+bcde+acdf+abef+abcdef
[100000 010010 001100 001000 010000 000001]011000
[100000 000010 000100 001000 010000 000001]000000
[100001 000010 000100 001000 010000 000001]000001
fix=12
hdr=abd+acd+abe+ace+bcde+acdf+abef+abcdef
[100001 000010 000100 001000 010000 000001]000001
[100000 000100 000010 010010 001100 000001]000110
[100001 010000 001000 000100 000010 000001]000001
fix=24
hdr=acd+abe+bcde+abf+acdf+abef+abcdef
[000111 011111 101110 000001 000010 001100]000110
[001111 001101 100111 000001 011000 011110]011101
fix=5040
hdr=abc+acd+abe+bcde+abf+acdf+abef+abcdef
[010001 001101 100111 000001 000100 000010]000011
[100001 001110 010110 000010 000100 000001]000001
[100000 001110 010110 000010 000100 000001]000000
fix=48
hdr=abd+acd+ace+bcde+abf+acdf+abef+abcdef
[100000 001010 011100 010100 011010 000001]000110
[100000 001110 011010 010110 011100 000001]000000
[100001 001110 011010 010110 011100 000001]000001
fix=20
hdr=abd+ace+bcde+bcf+acdf+abef+abcdef
[001100 111111 111100 101110 011111 110110]110111
[100000 001000 010000 101010 110100 011001]000000
fix=120
hdr=abd+acd+ace+bcde+bcf+acdf+abef+abcdef
[011100 101101 001100 001011 110000 110011]001010
[101011 101001 000111 001111 110010 110001]110110
[101011 011011 001000 001111 110010 110001]001011
fix=24
hdr=abd+acd+abe+ace+bcde+bcf+acdf+abef+abcdef
[100001 010010 001000 000100 000010 000001]000011
[100000 001000 010000 000010 000100 000001]000000
fix=8
hdr=acd+ade+bcde+bcf+acdf+abef+abcdef
[111011 010111 100010 101001 110011 011101]110110
[010001 100010 000100 001000 000001 000010]000011
fix=6
hdr=ace+bde+bcde+bcf+acdf+abef+abcdef
[010000 100100 001101 110000 111000 111011]110101
[001011 111011 010100 110011 100101 100001]101100
fix=168
hdr=abd+abe+bce+cde+bcde+abf+cdf+acdf+abef+abcdef
[001110 011000 111000 111001 001101 010000]110101
[111111 000011 110101 111001 011101 001101]011111
fix=42
#Number of class : 205
